00378
00548
00141
00309
00243
00430
00305
00295
00461
00244
00280
00024
00104
00069
00198
00098
00040
00486
00411
00265
00351
00248
00440
00063
00232
00224
00285
00143
00519
00094
00447
00456
00520
00242
00281
00470
00101
00047
00127
00068
00193
00266
00458
00133
00052
00019
00419
00450
00203
00129
00343
00425
00204
00000
00084
00004
00402
00218
00374
00465
00122
00030
00504
00452
00081
00441
00150
00422
00385
00264
00371
00208
00468
00223
00095
00211
00551
00154
00571
00337
00167
00366
00112
00560
00026
00092
00124
00542
00498
00501
00463
00155
00161
00483
00317
00467
00156
00239
00300
00071
00359
00159
00290
00476
00114
00255
00471
00185
00344
00170
00126
00234
00403
00107
00049
00322
00189
00252
00062
00138
00387
00376
00395
00262
00038
00015
00306
00151
00386
00503
00599
00393
00181
00323
00423
00480
00008
00282
00222
00176
00119
00485
00276
00033
00134
00418
00434
00516
00090
00055
00025
00054
00272
00187
00307
00091
00377
00238
00174
00136
00048
00093
00153
00315
00414
00360
00002
00299
00347
00221
00502
00396
00289
00035
00269
00120
00384
00500
00373
00296
00260
00099
00294
00293
00250
00439
00169
00509
00491
00514
00444
00233
00058
00020
00171
00196
00517
00445
00508
00318
00080
00182
00481
00513
00076
00316
00164
00404
00021
00083
00524
00009
00570
00007
00135
00057
00017
00487
00172
00100
00367
00349
00400
00369
00353
00544
00368
00160
00515
00085
00286
00088
00132
00103
00028
00148
00528
00475
00214
00379
00067
00507
00249
00527
00478
00251
00271
00340
00096
00180
00078
00010
00518
00041
00173
00358
00408
00158
00431
00064
00410
00043
00111
00219
00448
00493
00166
00188
00277
00072
00338
00037
00225
00455
00034
00073
00565
00195
00380
00362
00304
00298
00512
00113
00375
00137
00253
00032
00162
00212
00413
00477
00258
00346
00087
00257
00398
00200
00144
00046
00165
00209
00421
00207
00283
00131
00302
00178
00330
00435
00303
00029
00312
00473
00228
00175
00355
00432
00415
00202
00102
00116
00229
00011
00333
00372
00496
00082
00210
00350
00227
00279
00261
00557
00231
00177
00056
00267
00074
00105
00089
00254
00066
00016
00152
00479
00397
00457
00263
00059
00406
00451
