10254
10881
98615
9978
64601
1053
98202
9990
98228
98384
11241
63958
11761
11493
65046
6400
97653
63650
653
64862
63046
97847
12113
11602
97336
97058
12422
6357
97150
12636
65462
63116
96973
96529
62870
62896
13426
13068
12837
65760
967
96799
62627
62373
13765
62071
65965
6212
61874
96421
96151
13598
6172
14431
14138
6184
66729
61581
95833
62011
15033
14710
61216
60748
66488
95239
96080
14881
66785
15158
95593
6696
15313
15449
15065
67237
95367
1554
60153
6719
95172
15883
59866
5958
94771
94981
16337
15777
165
59678
59788
59830
67810
16617
94629
1634
17057
1714
59197
58709
94305
9444
17310
17361
17582
17697
67892
67670
94047
9368
58593
68190
18283
68264
67880
58482
93578
18529
9370
93357
58189
92852
18772
93463
19145
93111
93224
68060
19400
58237
68632
6869
6857
9291
92549
19342
19774
19944
20012
58070
57398
92761
92306
20227
92360
92425
20474
57132
21004
20737
68703
57031
91882
20949
56645
5679
55941
21267
20893
92145
92027
21403
69424
56437
91584
91354
21598
91979
21699
21964
69524
69559
91451
22089
55619
55300
22455
22625
69685
695
54700
22716
22741
22980
23094
90475
23260
55027
23385
23622
23060
69587
7000
90732
54387
70131
23989
23670
90526
54045
24330
54130
53840
70539
24431
90325
8985
24253
9005
24796
70599
70705
25130
5349
53199
53278
25591
2525
25363
25012
25506
89775
2554
53074
89364
891
71067
52795
26152
52341
5262
71251
26480
26349
25991
89258
88797
89049
7144
52065
2671
71582
71180
51955
26865
26940
26644
88713
88422
88011
5163
71916
87646
71994
51479
51160
87796
87379
27889
88063
28046
28186
51212
50701
87091
28456
71847
50830
2869
72345
72374
50472
87212
873
29024
28615
8697
29367
50069
7249
86841
29532
49752
4986
49165
2963
29805
29456
49190
86475
86094
49602
48515
30219
8644
72408
48751
86128
30469
4889
85695
85931
73298
7295
31299
30846
48294
73743
85300
84860
73866
48146
8495
84588
31634
852
31814
84916
47891
47611
84792
74125
73776
47783
31960
4736
74406
73993
32406
84533
32421
32229
32729
32834
47252
47318
47120
32882
32669
84346
84104
83801
33345
74731
33499
8410
4688
47026
83925
83504
33912
74457
33970
33717
46333
7480
34195
45936
75506
46208
45586
34347
34562
83690
75441
4571
34779
45855
44961
34941
3509
75714
44581
83153
35375
45302
44689
82487
35229
75595
35934
35996
76266
75833
82707
36194
76608
4453
77036
44202
36470
82571
36865
44300
4406
43817
77340
37085
82236
81788
43694
37237
36971
77221
37811
81965
43539
77556
81306
4374
43341
43477
37987
81413
38111
81605
81282
38572
77913
43058
38171
42660
78321
4280
39270
80991
80758
38746
80844
80521
42871
78430
39498
42118
78691
42207
40111
39812
80573
80727
419
80397
41961
42087
40416
39920
78875
41768
40872
80
79635
40646
40722
79334
41539
41199
79062
41002
7926
41328
11285
10986
64776
64467
9942
10345
10239
98604
79447
79069
41317
40965
79794
41438
41564
40821
8002
40429
78838
80245
80393
79981
421
39586
3933
8065
39519
78753
80840
39245
78543
42568
8076
39047
38212
7816
81164
80946
77876
77384
81128
81597
37758
37804
37378
37511
77496
37540
37328
77358
43822
37062
36619
822
36371
43758
44566
77056
82392
82030
36005
82659
44375
44437
35850
76320
44804
82871
35651
76157
45213
83173
35346
4545
75954
3508
75709
45645
83300
8292
34851
45903
75632
34426
34111
83237
755
46138
33987
33715
7478
46491
83515
74437
46711
46239
33438
33687
46944
84119
33380
74567
32954
33188
84249
84055
47572
74524
84225
32241
32021
74030
84746
32115
74090
74163
31732
31909
47863
85021
31530
85216
73884
48173
30863
48338
48382
48504
85669
4852
73013
3070
85773
73154
72718
30500
30290
49185
86483
29943
29980
49575
29988
29669
86758
86846
72631
72278
87012
29294
49969
50140
87224
29081
2875
72393
87516
87156
7186
28510
28120
2784
51383
87847
27325
88086
27395
71561
27591
27202
51590
51717
26992
88639
8834
71183
26387
71422
52142
26520
26373
89171
26227
52051
89526
25867
70734
25942
89747
5296
52640
25594
25424
25192
53607
53182
90037
70156
70751
53447
24480
24635
54165
53757
2394
54019
70319
90580
90161
54411
69770
23857
23389
69972
54912
90976
90501
54997
54682
91141
22408
22536
55362
55458
91079
56126
55694
69612
21835
21473
69544
56090
21572
92
69394
21457
21313
92170
56882
21055
20683
20243
69109
57046
20494
57720
20057
92248
19733
68832
19480
93016
19731
19340
58238
68645
19201
58095
5813
92807
93525
93681
18334
58440
17778
93629
58984
58663
17577
17291
67994
58861
9390
17103
59096
59249
67794
59383
59538
94249
16878
16392
59777
67702
94537
95064
59957
60076
15483
95025
67450
60220
1541
60408
60414
15285
95635
60811
61131
95775
95854
61600
61204
60642
66524
66288
96175
14346
6203
66317
61657
14135
62210
66140
13911
9647
1395
14024
65912
62124
96283
62656
62440
13432
13100
62534
65717
62618
96977
12989
62839
6297
97200
12816
65124
12376
97385
63860
63576
1252
97254
11576
63721
63788
11353
11150
64750
6405
98011
64215
64307
63971
10972
11135
64678
10489
10823
64486
64759
44108
64170
11421
9935
98755
12968
63882
97874
12787
13006
65908
63083
97462
96274
61849
62307
13634
65953
6218
13868
13702
66555
61602
1528
61653
16305
61327
14886
15628
17411
61598
94650
15503
93651
67469
67042
94298
93457
18532
17688
18328
19659
67192
18588
18783
58541
6737
59557
18888
92700
92083
58767
19014
216
68287
92318
21465
681
21370
91093
21144
5696
58064
90782
68881
24317
57734
24133
23858
89951
69520
57085
23109
56316
69064
25257
23863
88725
55217
55502
25897
26547
70121
55314
89270
70012
26331
88700
88555
5394
54532
88545
26864
87441
70876
53677
88165
533
53410
27124
88500
86703
53418
28228
87538
29987
51818
52879
28327
30495
52059
52096
86944
30407
71775
29411
3047
72352
71981
85671
85916
31671
72110
31236
30781
3204
72387
5045
85558
31915
49401
49806
84649
49080
72750
32355
84078
33810
73089
49073
84138
83351
48456
48640
83270
35669
73754
34118
35496
36459
4814
82267
3513
47071
36734
3747
82618
47591
3717
37815
81875
8090
46257
81917
38157
45969
46751
80453
81400
39689
40339
46453
39584
78590
45287
46116
79361
42647
45092
41308
78825
78451
43076
4505
42008
77266
76976
78095
77634
76241
44194
77052
43970
63575
1145
97878
12254
9948
44451
84576
49176
84175
91051
4393
12074
43869
76758
11869
56260
24597
98058
11943
24777
25606
77987
42341
68873
97489
4224
55547
24676
56113
79667
65337
96527
75658
12799
12993
88771
2121
80112
75515
25489
25671
80438
4115
5478
27125
96520
40572
58416
54530
79904
14008
53759
53746
80565
1406
21088
88429
46538
28406
19451
21050
39162
38790
13845
15022
38710
29127
53421
29255
14686
19319
58816
74281
86612
61495
46959
9608
29405
61276
29157
52658
37016
36539
86931
52052
949
58248
20099
92732
73507
47419
15860
15429
95134
3030
30612
8335
19566
66741
4840
35574
72116
67484
33707
60182
50487
3363
34697
71885
93481
93251
94553
49932
73022
33424
4888
32202
6873
78334
77050
57926
11275
98876
44144
22060
44043
64495
84581
72905
3325
73145
59682
32103
18166
3391
94571
17213
84604
72070
32962
33515
48482
30809
82980
60789
83372
60363
92596
34119
61070
73196
16373
8568
82841
48218
59417
71175
8216
51545
18433
15932
47316
86414
51790
47278
65814
38129
96001
58475
8191
80914
28700
52388
38876
14623
87619
62289
66089
81012
9221
40162
3910
1365
27486
13990
46348
89031
68209
54535
40789
26658
5482
88025
46017
55305
70115
97349
13518
55167
9150
79861
45102
42125
25438
41716
42899
24371
91248
21820
96855
69571
25229
90280
65028
69013
43056
4369
76439
5716
43902
11555
982
16982
56895
23131
44427
63525
43150
61989
55640
41650
41962
26020
89793
54910
26586
82657
61760
41761
65625
12887
48209
20721
2738
81980
40510
41280
40765
9454
67961
97157
44062
40198
70975
30447
71595
85655
31317
45948
72156
93189
37732
14647
66772
31698
49210
32915
62225
74631
67543
34522
57220
22913
44675
91437
69932
27500
269
27364
68457
45754
49342
66302
66334
47641
46495
4858
47457
44131
3401
38708
65298
82300
75159
73557
85040
62231
31241
4945
92429
87281
75493
97233
56617
23742
91424
4790
7018
97015
3170
46201
54013
67615
81335
38912
20016
20491
64564
75546
61754
22003
95054
64126
10878
68666
90591
1729
75458
81489
94603
18719
78350
60364
36748
56510
9051
