10274
10098
98686
9873
64602
10567
10787
10397
9829
98494
64153
63992
11344
11146
65065
64025
97658
63743
6531
64901
12542
97853
1216
98088
97401
97083
63825
63592
97156
12675
65505
63140
97016
12886
6288
62924
13441
13266
62543
65806
96753
96295
6278
62376
1378
62082
65531
62136
61930
96434
13962
13687
61781
14472
14143
61873
66266
96170
95843
62018
14678
14764
61240
61386
60876
95860
95568
14887
60515
15179
95594
66965
15325
1545
67203
67313
95448
60095
6750
60172
94652
15886
59956
59658
94885
94501
15704
15783
16584
59697
59794
59366
67365
1663
9424
16400
17097
17140
59295
6779
94327
94465
17315
16940
17622
17707
67946
58775
94054
58928
58672
1794
18326
68272
67889
18387
93599
18591
9376
93362
58207
92908
18831
93487
18707
9312
68466
68116
1941
57852
68651
68362
57591
92911
19518
19352
19784
19947
57933
68819
57405
92767
92316
20229
92397
92052
20501
57161
2054
20819
68751
57037
91926
20951
56661
56796
21120
21296
20903
92187
91552
21426
69024
56474
91677
21508
21361
91985
21727
21973
69534
69584
91508
22180
5584
69618
22497
22033
69702
55463
69812
91179
22769
22421
90948
90494
550
5503
23421
23625
6985
69591
54095
23745
70064
70142
24025
23710
5461
70196
24357
53709
70442
23862
24445
90359
89882
24268
90080
24839
70601
70857
25136
53600
53220
90002
25592
25281
25392
25020
89598
89787
52950
53101
89437
25778
71121
52818
25673
52365
52008
71409
2623
26370
89122
88759
8881
88549
71525
52104
26757
71753
71242
26390
26900
27076
88615
88209
88439
8805
51669
71927
27431
71529
51486
27524
87884
87412
27958
87624
28059
28193
51278
50714
28391
28461
71864
50925
28764
72358
72075
28315
87215
8687
29088
28631
29289
50527
50085
28894
86854
72512
49820
49894
49174
29648
29816
86771
49207
86564
29900
49607
30128
30278
72812
72451
4881
86326
73114
48901
85708
86019
73317
48544
31316
30977
73559
480
85331
84864
73888
48172
84961
84623
31652
85277
31931
48271
47974
47639
84811
74140
73791
31749
32003
47415
74418
74022
32418
84195
32502
32239
32743
32859
47301
47323
47131
33013
84254
84001
84128
33240
33407
74252
33537
47186
4694
46502
83927
83518
74933
74494
3408
33783
75054
46371
34214
4598
75035
34324
75636
34444
83539
83725
45598
45735
34786
45867
45042
34983
35198
75764
44617
83174
35449
45309
44697
82520
35246
45087
35958
36
76290
75900
82263
36240
76637
36324
76443
82423
36517
82608
36383
44327
44061
44563
43881
8208
82245
36665
37090
3732
43821
77270
37426
8198
43642
77175
37734
43754
4336
43510
37988
8143
38138
81617
38458
77793
7797
43064
38189
4270
77677
38257
39271
81054
80761
38778
80891
39236
42324
78021
39533
42127
78744
39118
40144
39821
80591
80164
3998
80450
41976
42088
40418
41741
79036
41858
40884
80003
40540
40192
79681
79356
41576
41251
79087
41058
79273
40924
10887
11096
64831
64484
98859
10123
10873
98646
79514
79082
41399
79370
79843
41469
41621
40829
80026
40452
7889
80285
79910
42265
4210
39625
39390
8024
39555
4220
80850
42811
42501
38851
38884
38760
43112
78323
81180
38518
7790
81385
38054
81670
3777
37816
81884
43966
77151
3758
36912
76792
43882
37078
36651
8225
44238
43764
4417
76464
82399
36454
36049
82675
76552
44528
35861
76373
35548
82907
35653
76162
44607
83192
35374
45522
35492
35221
75734
45652
83347
3480
45805
45924
75642
34442
83558
83257
75509
46148
34052
33752
74788
83908
33786
74516
46716
33929
33490
3319
46969
8417
33381
74246
33072
32600
84264
3284
47575
32358
32569
32275
74404
84655
84371
32135
74092
47647
31782
31492
47908
8505
31690
84834
73887
48194
30890
73724
48394
30523
85861
73393
48735
86122
85793
73157
48994
3008
29871
49312
86563
29949
4951
49586
29994
2971
86763
86375
72632
29580
87048
29381
50054
50191
87294
29102
28233
50385
87517
2840
71860
28032
28219
51167
51384
87924
27347
8811
27485
51507
8836
5153
5161
51469
27051
88644
71634
51893
88886
71437
52172
26248
26377
89195
52432
71284
89110
71088
52784
25946
89802
5306
71005
2564
24872
24730
5363
53247
90092
70168
70780
90319
24520
24289
54220
53402
2369
70215
70355
90621
90180
54453
69807
23264
23594
69588
54919
90989
23136
55073
54740
91266
22445
22578
554
22064
22146
56176
5576
22372
21863
55950
55989
21506
21617
69363
6904
2108
21330
9193
56265
20504
20717
69083
69179
92040
20020
57168
92682
20134
19842
68955
19499
19608
1927
1937
57750
68388
19211
58127
58176
92822
93072
93717
68248
58460
94043
93653
58498
5826
17671
67920
68014
94361
93935
17164
59114
59289
67797
59435
16682
16720
16891
16440
59815
94818
16211
94704
59960
59577
95428
15527
67476
15610
15436
6733
6057
1484
66988
60850
95709
952
96002
61157
61229
66847
66590
61517
96180
14369
61606
65992
14460
14148
62217
66155
13915
96478
13959
13812
65983
96675
96327
62720
62464
13567
13134
65640
65352
1284
97021
633
62845
62516
96838
12822
63155
12395
97514
63479
62974
11916
12044
98014
65185
1172
11494
11211
64014
984
11237
64223
64334
1125
11004
9858
10763
10577
9821
64541
64771
4411
97540
63674
98887
10720
65690
63511
97194
98109
13054
65414
63094
12901
96275
66122
133
13674
65970
62185
15041
13735
66627
1469
14829
66330
94676
66044
95020
15342
16994
95058
94246
9536
17876
60704
60917
94411
93536
67275
17694
18347
59065
60181
18606
18799
5857
6740
18805
1849
92151
20447
58853
92253
68675
58420
92011
20499
58136
920
91100
92093
57925
5749
90892
68952
56886
57154
24190
90459
24812
6958
57102
2454
69395
24414
25266
23964
88733
6922
25021
25907
26563
55936
25439
89136
70025
26361
26702
88576
70140
54551
27162
26867
27904
70393
26915
27563
5335
7061
88350
87676
52358
53491
86862
87590
29595
52646
29390
86946
51583
71297
29206
29860
30433
51892
29464
30470
51461
71550
85135
30123
50117
50828
31245
30882
32058
72058
31070
31401
32494
72246
31107
84711
73301
72755
33143
32764
33508
73124
84478
84156
8344
48001
33533
34228
47907
73241
83133
34048
4744
35689
35827
3519
74122
36856
37585
35899
47229
37271
37870
47304
38266
75103
81967
46937
4658
38741
39224
38594
39727
4577
40081
81036
79891
45330
46128
79368
4161
45887
41400
78943
78456
76526
78731
78811
76840
77035
7811
7716
76262
77506
76468
43992
65067
11486
97335
11592
43440
10654
31714
48541
57902
91049
4388
1116
7556
64943
12567
56782
9816
12747
42129
89570
56067
78474
42889
68863
44657
42180
25724
25162
2208
40739
65659
97055
26158
62803
13535
89145
40998
46096
45482
26497
3966
80390
41048
69598
54378
75308
3972
68440
53398
8082
54477
27077
20946
13306
54120
91531
14957
3942
28337
19950
81430
80877
38730
13703
38480
38646
27722
70403
95764
29231
58520
58114
53081
37331
15600
469
52571
37433
61221
29581
35877
36975
37654
29196
15368
82379
58646
20084
82283
74400
82002
1584
94853
7177
30727
3022
67166
35456
60374
73277
85955
51373
1756
86131
31541
4943
73933
93033
17651
93641
19131
18297
32389
73523
72516
48851
24567
69121
44354
90232
23819
76208
98728
10880
22426
44239
64824
32709
72873
8388
32592
60054
31980
18162
83509
18241
83987
84591
72017
32938
48651
51492
85922
16083
67011
86293
58753
34004
34534
1742
8248
51528
85624
36343
73440
58616
82331
36916
30502
37471
15906
37349
87352
37747
47547
61387
38085
86958
87444
47124
81174
29030
81336
80548
96338
87567
62661
66058
70033
9156
40159
96737
54008
26942
96124
45815
54043
58264
39685
80439
8820
69908
79064
7504
69474
26491
65514
7877
55006
21349
41849
45080
42570
89117
42322
78757
56348
91216
69047
96811
24773
2567
7600
64937
56686
77422
78170
57156
23199
11802
64047
98209
21980
16961
57562
42763
47852
43022
15305
95573
64912
95271
88720
55320
26245
54792
26393
91712
63856
62523
96587
20933
70767
92486
15889
3997
78788
2823
2929
10313
39089
7520
29506
76921
29777
51256
59218
74821
65366
49915
19209
39003
74857
59979
33148
84496
33973
148
47080
60079
66687
11877
57510
77176
91952
88935
26954
9233
8005
2829
70733
35276
60497
39052
47195
59670
73314
93790
31334
43683
15416
10169
47695
3397
67568
51275
85191
8163
81243
21434
46351
79592
21524
2424
645
22072
72910
65455
12601
46785
46353
92338
46878
16916
39485
92181
41862
12435
57892
66368
11242
36319
7636
10983
21442
90377
94607
72419
51128
11640
10917
84497
83480
20408
97773
