10251
10864
98599
98718
64569
10463
98193
10855
98227
98368
11222
64304
11731
11463
65017
64691
98151
11716
65237
64861
63033
97667
97323
11600
63196
97519
12398
63562
1263
97188
65450
65129
9695
9704
62810
62889
62057
13058
12825
65729
96653
96793
13423
62371
13748
13341
65951
62100
65880
61993
96103
13571
664
14430
14086
14146
66543
61525
95803
14428
15000
14688
1431
60710
66479
95689
96050
95581
67359
15156
15287
66958
15698
15423
15058
67232
15496
95551
60144
67171
95121
94731
59858
60005
16108
94973
16299
15749
16495
16102
59783
59820
67809
16611
94617
16843
17010
17138
59183
5933
94304
94409
17292
17359
1752
17681
5876
68031
17854
94127
5858
68154
18281
68259
67820
58418
93568
18513
182
93788
58160
92851
1875
18507
19105
18727
93184
68517
19398
18996
68629
6867
68528
57622
92492
19708
19764
19882
20003
58060
5730
56959
92233
20202
20259
92413
20371
57123
56221
20662
69100
56975
91860
20914
56635
56770
56605
21213
21341
92134
92005
21371
69357
56389
21507
91311
21574
91943
22326
21959
55983
69556
91426
9106
22208
55287
22443
22591
69681
69459
54630
22688
90773
22921
54877
91042
23149
5501
69780
2357
23057
69901
70202
90670
23762
70116
23985
24166
90506
54039
2430
24364
53790
70484
24865
90300
89828
24533
90028
89595
24847
70650
25125
24688
53145
5326
70970
25234
25336
25404
52885
89758
89300
53052
89320
89486
71048
52765
26149
52294
52534
71244
51813
26278
2598
89199
2643
88906
26468
70902
26703
51816
71133
51937
27314
26934
2661
88711
27097
88008
5200
51422
87632
71987
71560
51529
72174
87934
27875
8806
50323
28159
5117
50585
87554
2844
71794
50818
28651
72311
72369
50442
87177
87241
29015
28614
29594
29322
50062
49702
86813
29508
49747
49829
49157
72804
29797
2942
72458
48819
86056
49501
48976
30154
29867
72874
48646
30702
85800
72712
85653
85807
85532
73342
31258
30828
30511
7374
85295
84822
73853
73902
74076
85022
31626
31213
31756
31453
47874
47605
84650
32171
73758
73798
32333
47785
74385
74434
32399
84494
8421
32551
84097
32825
47533
47313
47087
47171
3264
84337
74858
84183
33325
74602
33930
33204
4687
47003
83903
83991
33908
74998
33969
3411
46305
74792
34176
34286
75477
46069
45564
349
34553
83650
75411
45684
82949
45776
45488
34937
35022
34680
4520
83041
35304
45250
7593
82802
35812
75567
35905
35990
35522
76399
82625
36138
44892
44439
77030
44201
8247
36598
36853
44246
44055
44125
77336
3706
82229
81742
43652
3720
36930
77193
77791
81877
43930
77537
81292
43728
43224
43450
3791
81390
38098
81576
81220
38571
77887
43042
38832
43105
78194
77771
39259
38872
81084
39020
80794
80512
42848
78394
80227
42612
78667
78362
41706
39567
39324
8072
41875
80308
41938
42026
4036
40479
78818
7859
791
40508
80022
40609
40713
79791
40808
41179
79528
4099
79243
7879
1126
10982
9974
64409
10009
10329
10141
10106
79444
79569
79153
40922
79756
40817
41541
41240
80009
40562
78829
39951
80340
79969
41979
41740
39899
80625
39482
78631
80795
39182
78448
42555
81034
39010
38824
43172
81160
80927
77861
77373
81094
37728
81310
42976
37368
81534
43622
37527
37303
7731
76867
37046
36600
82088
36800
44056
44549
77037
82390
82023
36592
8261
44355
7678
36321
35945
44751
8286
35606
76121
45052
83081
82778
4539
45041
35075
3464
45624
8328
83469
34838
45852
45596
34413
34486
83207
34200
46007
34302
34106
75226
4643
83951
75000
46698
4672
33964
33664
46838
74868
83818
74550
47130
33133
84245
84317
4755
47027
84587
32208
3199
73973
84664
32092
32159
7414
32181
31812
47846
47995
31507
31104
73803
48163
30782
31016
73243
48468
8563
85535
72926
307
86179
73118
72680
30493
30196
72811
4886
86115
29976
49547
7275
29640
29828
86814
72500
72658
29217
86693
49947
50090
28931
28979
28539
72332
28271
87155
72244
5095
28112
27801
51202
72183
2797
88078
87628
7198
27509
27136
51556
51624
26925
88612
88188
71733
26819
26445
70925
52271
26350
8912
26155
52563
8947
25861
7073
52843
89700
52956
53089
71047
25302
25027
24755
53159
89948
8957
70182
70421
90389
24584
24346
53721
23934
54584
70249
90551
9016
23832
70120
54537
23362
69969
54774
54381
91025
54982
54644
91104
22824
22523
69490
55449
9144
22297
5563
55904
21766
21891
69525
56052
21541
91966
69379
21456
21246
92113
56708
69332
2066
2089
69105
68691
20462
57702
57359
92769
20196
57509
68570
93014
1973
19285
19023
68600
19094
58093
68516
9324
1839
18224
93420
58362
17762
9422
5892
58553
18042
17276
67971
58860
93857
17434
5906
59134
67747
67420
59528
94628
16870
16931
16534
67699
94901
16287
59841
60047
15461
9500
67426
67594
15310
60399
66832
15274
14872
66493
61011
95748
95263
96157
61186
6133
61429
66284
96171
1433
14420
66315
66042
14126
13864
66106
61883
96332
96142
13981
96621
62094
96752
13368
62348
62043
1307
62530
6571
62588
12884
12914
62828
62933
97185
12803
65427
63182
97352
63809
63551
12455
9773
12244
97628
64926
11346
11536
64687
64040
97975
64128
64298
6393
10926
11088
648
10418
10862
64860
98543
10954
76219
11397
9947
98585
10839
63805
97757
12679
12497
62093
65141
12342
1294
1404
62799
96132
13502
65615
14064
14637
96160
65823
15191
95231
65950
61241
95588
15613
615
61555
94611
16339
16207
60569
66915
16535
17363
93077
60477
93334
16590
67586
60352
18714
93454
67761
5946
18830
9264
92945
67605
1929
19840
68180
20298
21428
20021
21356
91081
21108
91724
57976
91589
57520
68498
68575
91215
23766
56915
55980
69142
2366
24238
69051
25632
24335
89890
55403
56141
25737
55701
54397
69489
89771
89257
6987
25988
2686
26535
54468
89047
27241
70270
70850
53661
88118
27111
52998
70770
88482
87890
52472
28017
88057
28469
51809
52858
29465
86629
51744
70961
86941
86461
51517
51908
85735
3048
71967
30445
85902
30538
5066
85475
30729
50914
4942
50378
30533
31594
4924
72305
85323
84438
49591
32325
84241
319
48292
4890
33225
33336
34485
48578
83751
33102
73731
4843
82774
34091
73457
82998
35017
82503
47722
81573
36014
81983
47291
81311
37406
47029
38416
74290
38113
47557
46721
80835
81350
8117
40298
75272
40100
80681
79238
45517
79900
80020
42192
75634
41434
78544
77438
76737
42857
4254
442
44403
78306
43352
44148
77627
44250
43
64019
11143
12094
64154
44565
18554
32294
83857
23248
77025
64136
11075
45009
63580
5767
24228
98096
97660
56421
24065
78015
41966
68468
90792
41921
42643
8940
24922
79137
40900
96578
75396
97459
65930
55099
20910
80114
75544
68110
25676
40898
40386
26258
70001
14002
40617
8894
68371
8095
12612
53775
26892
80581
65367
87356
58465
14091
52993
92914
21051
39219
38804
14241
15025
37675
28572
53117
52910
14777
19429
58841
6165
29903
66218
14904
66357
51718
61322
16027
28819
36720
36072
86488
70922
16135
5938
20182
92790
48033
74312
82412
15134
94279
30440
30638
6160
58749
66309
94770
47840
72142
66435
83484
60307
30510
3415
34827
5147
84806
94108
17953
50235
7316
48309
49704
3221
23430
42416
76382
91183
9797
65243
11815
9142
4338
77501
84184
84351
48506
48961
60431
49901
93271
33420
17898
17251
83962
30949
49455
83721
73334
72324
49668
60955
18044
8614
19643
83113
67217
48392
95564
30163
61559
36082
15420
51985
35841
37595
9296
617
47979
86416
52695
47280
65891
46905
66362
58109
62005
75087
2794
53202
3853
1374
53038
80128
66118
39361
87793
5338
3914
12981
27092
14006
39535
79612
67837
91845
40897
26835
25995
27278
79579
68043
69604
41277
1309
69201
20906
41687
63800
78355
55804
69246
42912
90243
23020
2185
12657
69076
23971
89318
42786
97074
57006
43723
75808
58021
76975
97607
43877
41647
22644
23192
76713
44256
4271
37285
94990
42208
41513
6926
9513
34930
36139
69895
91371
66055
66369
12903
75648
91532
87115
73473
40625
11129
13446
53551
81768
76779
74738
98348
98752
3006
71639
30141
51033
45991
39607
93058
85343
14671
60423
32493
3227
93782
81946
47190
66990
34561
10150
2551
55788
78689
26766
91713
41410
27371
67656
75280
30162
37043
67207
15910
47303
1719
10356
81175
16424
63583
36810
37565
9447
81523
86858
6280
85436
49852
83764
41063
28701
77690
54115
23249
56983
7468
44902
27989
60195
38170
29692
68464
96081
36430
65353
27866
89813
45869
89086
63698
82791
97306
11570
56621
21499
43200
74435
73380
28608
28525
82895
82896
33634
53947
12516
